"""
-------------------------------------------------------
Lab/Assignment  Testing
-------------------------------------------------------
Author:  Name
ID:      ID
Email:   Email
Version: 2023-01-26
-------------------------------------------------------
"""
-------------------------------------------------------
t01
-------------------------------------------------------
Enter in a number: 30

265252859812191058636308480000000
-------------------------------------------------------
Enter in a number: 23

25852016738884976640000
-------------------------------------------------------
Enter in a number: 30

265252859812191058636308480000000
-------------------------------------------------------
t02
-------------------------------------------------------
Enter the number of calories burned per minute: 100
Enter the total minutes ran: 20
  5:   500.0
 10:   1,000.0
 15:   1,500.0
 20:   2,000.0
-------------------------------------------------------
Enter the number of calories burned per minute: 10000
Enter the total minutes ran: 20
  5:   50,000.0
 10:   100,000.0
 15:   150,000.0
 20:   200,000.0
-------------------------------------------------------
Enter the number of calories burned per minute: 20000
Enter the total minutes ran: 30
  5:   100,000.0
 10:   200,000.0
 15:   300,000.0
 20:   400,000.0
 25:   500,000.0
 30:   600,000.0
-------------------------------------------------------
t03
-------------------------------------------------------
Enter the number of rows: 10
##
# #
#  #
#   #
#    #
#     #
#      #
#       #
#        #
#         #
-------------------------------------------------------
Enter the number of rows: 5
##
# #
#  #
#   #
#    #
-------------------------------------------------------
Enter the number of rows: 8
##
# #
#  #
#   #
#    #
#     #
#      #
#       #
-------------------------------------------------------
t04
-------------------------------------------------------
Enter the starting range: 10
Enter the ending range: 20
        10    11    12    13    14    15    16    17    18    19    20    
     -------------------------------------------------------
  10 |   100  110  120  130  140  150  160  170  180  190  200  
  11 |   110  121  132  143  154  165  176  187  198  209  220  
  12 |   120  132  144  156  168  180  192  204  216  228  240  
  13 |   130  143  156  169  182  195  208  221  234  247  260  
  14 |   140  154  168  182  196  210  224  238  252  266  280  
  15 |   150  165  180  195  210  225  240  255  270  285  300  
  16 |   160  176  192  208  224  240  256  272  288  304  320  
  17 |   170  187  204  221  238  255  272  289  306  323  340  
  18 |   180  198  216  234  252  270  288  306  324  342  360  
  19 |   190  209  228  247  266  285  304  323  342  361  380  
  20 |   200  220  240  260  280  300  320  340  360  380  400  
-------------------------------------------------------
Enter the starting range: 5
Enter the ending range: 10
        5    6    7    8    9    10    
     ------------------------------
  5 |   25   30   35   40   45   50   
  6 |   30   36   42   48   54   60   
  7 |   35   42   49   56   63   70   
  8 |   40   48   56   64   72   80   
  9 |   45   54   63   72   81   90   
  10 |   50   60   70   80   90   100  
-------------------------------------------------------
Enter the starting range: 30
Enter the ending range: 40
        30    31    32    33    34    35    36    37    38    39    40    
     -------------------------------------------------------
  30 |   900  930  960  990  1020  1050  1080  1110  1140  1170  1200  
  31 |   930  961  992  1023  1054  1085  1116  1147  1178  1209  1240  
  32 |   960  992  1024  1056  1088  1120  1152  1184  1216  1248  1280  
  33 |   990  1023  1056  1089  1122  1155  1188  1221  1254  1287  1320  
  34 |   1020  1054  1088  1122  1156  1190  1224  1258  1292  1326  1360  
  35 |   1050  1085  1120  1155  1190  1225  1260  1295  1330  1365  1400  
  36 |   1080  1116  1152  1188  1224  1260  1296  1332  1368  1404  1440  
  37 |   1110  1147  1184  1221  1258  1295  1332  1369  1406  1443  1480  
  38 |   1140  1178  1216  1254  1292  1330  1368  1406  1444  1482  1520  
  39 |   1170  1209  1248  1287  1326  1365  1404  1443  1482  1521  1560  
  40 |   1200  1240  1280  1320  1360  1400  1440  1480  1520  1560  1600  
-------------------------------------------------------
t05
-------------------------------------------------------
Enter value to start from: 5
Enter the value for increments: 3
Enter the number of values: 6

75
-------------------------------------------------------
Enter value to start from: 10
Enter the value for increments: 20
Enter the number of values: 30

9000
-------------------------------------------------------
Enter value to start from: 30
Enter the value for increments: 40
Enter the number of values: 50

50500
